<<<<<<< HEAD
1|1|Admin1_Comment1
2|2|Admin2_Comment1
3|3|Admin3_Comment1
4|1|Member4_Comment1
5|2|Member5_Comment1
6|3|Member6_Comment1
=======
1|1|Admin1_Comment1
2|2|Admin2_Comment1
3|3|Admin3_Comment1
4|1|Member4_Comment1
5|2|Member5_Comment1
6|3|Member6_Comment1
>>>>>>> test_Branch
